4294967278,45
4294967278,43
4294967278,42
4294967278,37
4294967278,34
4294967278,33
4294967278,251
4294967279,530
4294967278,247
4294967278,399
4294967279,242
4294967278,239
4294967294,30
4294967294,1167
4294967294,1166
4294967294,1164
4294967294,1163
4294967294,1158
4294967294,1019
4294967294,992
4294967294,990
4294967294,989
4294967294,988
4294967294,987
4294967294,60
4294967294,12
4294967294,1095
4294967294,1093
4294967294,1091
4294967294,1090
4294967294,1089
4294967294,1088
4294967294,1015
4294967294,1013
4294967294,1012
4294967294,1011
4294967294,1008
4294967294,1004
4294967294,1002
4294967294,998
4294967294,996
4294967294,421
4294967294,401
4294967294,190
4294967294,182
4294967294,173
4294967294,170
4294967294,163
4294967294,161
4294967279,232
4294967278,218
4294967279,529
4294967278,212
4294967278,334
4294967294,1420
4294967294,189
4294967294,460
4294967294,476
4294967278,398
4294967279,194
165,5
4294967278,191
165,4
4294967279,191
165,3
165,2
165,1
4294967279,187
4294967279,186
4294967278,185
4294967279,185
4294967278,184
163,4
163,3
163,2
163,1
4294967279,183
4294967278,362
4294967279,317
162,6
4294967279,550
4294967278,360
162,5
4294967278,176
162,4
162,3
162,2
162,1
4294967279,297
4294967279,170
161,5
4294967279,169
161,4
161,3
161,2
161,1
4294967278,166
4294967279,166
4294967294,5
4294967294,387
4294967279,293
4294967278,160
160,5
160,4
160,3
160,2
160,1
4294967279,156
4294967294,176
4294967294,162
4294967294,1007
4294967294,997
4294967294,999
4294967278,153
4294967279,546
4294967279,153
159,5
159,4
159,3
159,2
159,1
4294967279,311
4294967278,148
4294967278,375
4294967278,145
4294967278,144
4294967278,292
4294967278,312
4294967278,140
157,4
157,3
157,2
157,1
4294967278,139
4294967278,137
4294967279,286
4294967279,283
4294967278,397
4294967278,346
4294967278,249
4294967278,88
4294967278,174
4294967278,243
4294967278,60
4294967278,59
4294967278,58
4294967278,57
4294967278,56
4294967278,55
4294967278,54
4294967278,53
4294967278,52
4294967278,51
4294967278,50
4294967278,49
4294967278,0
4294967279,251
4294967279,560
4294967279,230
4294967279,83
4294967279,82
4294967279,78
4294967279,77
4294967279,76
4294967279,75
4294967279,74
4294967279,73
4294967279,69
4294967279,68
4294967279,66
4294967279,65
4294967279,63
4294967279,62
4294967279,60
4294967279,58
4294967279,57
4294967279,55
4294967279,54
4294967279,53
4294967279,51
4294967279,49
4294967279,48
4294967279,46
4294967279,45
4294967279,43
4294967279,41
4294967279,40
4294967279,38
4294967279,36
4294967279,35
4294967279,34
4294967279,33
4294967279,32
4294967279,31
4294967279,29
4294967279,27
4294967279,26
4294967279,24
4294967279,21
4294967279,20
4294967279,12
4294967279,10
4294967279,9
4294967279,18
4294967294,1171
4294967294,449
4294967294,455
4294967294,416
4294967279,278
4294967278,396
4294967279,15
4294967279,13
156,5
156,4
156,2
156,1
4294967278,263
4294967279,254
4294967278,278
4294967294,51
4294967278,258
154,4
154,3
154,2
154,1
4294967278,391
4294967279,536
4294967278,255
4294967279,328
153,6
4294967278,395
153,5
153,4
153,3
153,2
153,1
4294967279,246
152,5
152,4
152,3
152,2
152,1
4294967294,1092
4294967294,1014
4294967294,995
4294967294,185
4294967294,1094
4294967294,1009
4294967279,236
4294967278,236
4294967278,233
4294967278,229
4294967279,223
151,5
151,4
151,3
151,2
151,1
4294967279,336
4294967279,218
4294967279,213
4294967278,214
4294967278,215
4294967279,214
150,5
150,4
4294967278,210
150,3
150,2
150,1
4294967278,209
4294967279,209
4294967294,462
4294967294,397
4294967294,418
4294967279,208
4294967279,570
4294967278,368
4294967278,390
4294967279,205
4294967278,204
4294967279,204
4294967278,203
148,4
148,3
148,2
148,1
4294967278,331
4294967279,199
4294967279,520
4294967278,367
4294967279,519
4294967279,555
4294967278,366
4294967279,554
4294967278,365
4294967278,190
4294967279,23
4294967279,190
4294967278,189
4294967279,189
4294967279,335
4294967279,538
4294967278,183
4294967278,363
4294967279,551
4294967279,178
147,5
147,4
4294967279,179
147,2
147,1
4294967278,178
4294967278,394
4294967278,304
4294967279,296
4294967278,318
4294967279,567
4294967278,378
4294967278,317
4294967279,294
4294967279,548
4294967279,161
4294967279,17
4294967294,18
4294967294,127
4294967294,14
4294967294,126
4294967294,20
4294967294,13
4294967279,324
4294967294,10
4294967279,0
4294967279,573
4294967279,147
4294967279,146
145,5
145,4
4294967279,145
145,3
145,2
145,1
4294967279,307
4294967294,115
4294967279,137
4294967279,272
4294967279,305
4294967278,290
4294967279,133
4294967278,133
4294967294,409
4294967294,407
4294967294,468
4294967278,287
4294967279,279
4294967278,270
4294967278,274
143,5
143,4
4294967278,273
143,3
143,2
143,1
4294967279,277
4294967278,269
4294967279,264
4294967278,268
4294967279,263
4294967279,564
4294967278,267
4294967278,266
4294967279,259
4294967294,81
4294967294,50
4294967294,92
4294967294,88
4294967294,43
4294967294,417
4294967279,301
4294967278,132
4294967278,131
4294967278,130
4294967278,129
4294967278,128
4294967278,127
4294967278,126
4294967278,125
4294967278,124
4294967278,123
4294967278,122
4294967278,121
4294967278,120
4294967278,119
4294967278,118
4294967278,117
4294967278,116
4294967278,115
4294967278,114
4294967278,113
4294967278,112
4294967278,111
4294967278,110
4294967278,109
4294967278,108
4294967278,107
4294967278,106
4294967278,105
4294967278,104
4294967278,103
4294967278,102
4294967278,101
4294967278,100
4294967278,99
4294967278,98
4294967278,97
4294967278,96
4294967278,95
4294967278,94
4294967278,93
4294967278,92
4294967278,91
4294967278,90
4294967278,89
4294967278,87
4294967278,86
4294967278,85
4294967278,84
4294967278,83
4294967278,82
4294967278,81
4294967278,80
4294967278,79
4294967278,77
4294967278,75
4294967278,74
4294967278,73
4294967278,72
4294967278,70
4294967278,69
4294967278,67
4294967278,66
4294967278,65
4294967278,64
4294967278,63
4294967278,61
4294967279,84
4294967279,81
4294967279,80
4294967279,72
4294967279,71
4294967279,70
4294967279,67
4294967279,64
4294967279,59
4294967279,56
4294967279,52
4294967279,50
4294967279,47
4294967279,44
4294967279,42
4294967279,39
4294967279,37
4294967279,30
4294967279,28
4294967279,25
4294967279,22
4294967279,19
